date Tue Nov 07 10:15:13 2023
CAN 1: Car_CAN
CAN 2: Key_CAN
1699348516.695708  2 0x2FC Rx d 8 [1, 0, 0, 0, 0, 0, 0, 0]
1699348516.976154  2 0x23A Rx d 8 [0, 0, 0, 0, 0, 0, 0, 0]
1699348521.702639  2 0x2FC Rx d 8 [1, 0, 0, 0, 0, 0, 0, 0]
1699348522.005571  2 0x23A Rx d 8 [0, 0, 0, 0, 0, 0, 0, 0]
1699348526.707226  2 0x2FC Rx d 8 [1, 0, 0, 0, 0, 0, 0, 0]
1699348527.004189  2 0x23A Rx d 8 [0, 0, 0, 0, 0, 0, 0, 0]
1699348531.712139  2 0x2FC Rx d 8 [1, 0, 0, 0, 0, 0, 0, 0]
1699348531.991209  2 0x23A Rx d 8 [0, 0, 0, 0, 0, 0, 0, 0]
1699348536.715522  2 0x2FC Rx d 8 [1, 0, 0, 0, 0, 0, 0, 0]
1699348537.007377  2 0x23A Rx d 8 [0, 0, 0, 0, 0, 0, 0, 0]
1699348539.674524  1 0x2CA Tx d 8 [64, 0, 0, 0, 0, 0, 0, 0]
1699348540.6534  2 0x2FC Rx d 8 [0, 64, 0, 0, 0, 0, 0, 0]
1699348540.942166  2 0x2FC Rx d 8 [0, 64, 0, 0, 0, 0, 0, 0]
1699348541.240494  2 0x2FC Rx d 8 [0, 64, 0, 0, 0, 0, 0, 0]
1699348541.526983  2 0x2AF Rx d 8 [0, 0, 0, 0, 0, 0, 0, 0]
1699348541.809789  2 0x2FC Rx d 8 [0, 64, 0, 0, 0, 0, 0, 0]
1699348542.094309  2 0x23A Rx d 8 [0, 0, 0, 0, 0, 0, 0, 0]
1699348546.725972  2 0x2FC Rx d 8 [0, 64, 0, 0, 0, 0, 0, 0]
1699348546.997894  2 0x23A Rx d 8 [0, 0, 0, 0, 0, 0, 0, 0]
1699348550.67589  1 0x2CA Tx d 8 [80, 0, 0, 0, 0, 0, 0, 0]
1699348551.249749  2 0x2FC Rx d 8 [0, 80, 0, 0, 0, 0, 0, 0]
1699348551.542016  2 0x2FC Rx d 8 [0, 80, 0, 0, 0, 0, 0, 0]
1699348551.839888  2 0x2FC Rx d 8 [0, 80, 0, 0, 0, 0, 0, 0]
1699348552.113504  2 0x2AF Rx d 8 [0, 0, 0, 0, 0, 0, 0, 0]
1699348552.390241  2 0x2FC Rx d 8 [0, 80, 0, 0, 0, 0, 0, 0]
1699348552.680508  2 0x23A Rx d 8 [0, 0, 0, 0, 0, 0, 0, 0]
1699348555.802399  1 0x2CA Tx d 8 [84, 0, 0, 0, 0, 0, 0, 0]
1699348556.48682  2 0x2FC Rx d 8 [0, 84, 0, 0, 0, 0, 0, 0]
1699348556.782474  2 0x2FC Rx d 8 [0, 84, 0, 0, 0, 0, 0, 0]
1699348557.059428  2 0x2FC Rx d 8 [0, 84, 0, 0, 0, 0, 0, 0]
1699348557.335122  2 0x23A Rx d 8 [0, 0, 0, 0, 0, 0, 0, 0]
1699348557.618326  2 0x2FC Rx d 8 [0, 84, 0, 0, 0, 0, 0, 0]
1699348557.894735  2 0x2AF Rx d 8 [0, 0, 0, 0, 0, 0, 0, 0]
1699348561.742751  2 0x2FC Rx d 8 [0, 84, 0, 0, 0, 0, 0, 0]
1699348562.01185  2 0x23A Rx d 8 [0, 0, 0, 0, 0, 0, 0, 0]
1699348562.847501  2 0x723 Tx d 8 [0, 128, 232, 3, 0, 0, 0, 0]
1699348562.985166  2 0x723 Tx d 8 [0, 128, 232, 3, 0, 0, 0, 0]
1699348563.122584  2 0x723 Tx d 8 [0, 130, 232, 3, 0, 0, 0, 0]
1699348563.248774  2 0x723 Tx d 8 [0, 128, 232, 3, 0, 0, 0, 0]
1699348566.74915  2 0x2FC Rx d 8 [4, 84, 0, 0, 0, 0, 0, 0]
1699348567.056699  2 0x23A Rx d 8 [0, 0, 0, 0, 0, 0, 0, 0]
1699348571.753611  2 0x2FC Rx d 8 [4, 84, 0, 0, 0, 0, 0, 0]
1699348571.999517  2 0x23A Rx d 8 [0, 0, 0, 0, 0, 0, 0, 0]
1699348576.759572  2 0x2FC Rx d 8 [4, 84, 0, 0, 0, 0, 0, 0]
1699348577.101015  2 0x23A Rx d 8 [0, 0, 0, 0, 0, 0, 0, 0]
