date Fri Jun 24 10:48:37 2022
CAN 1: Car_CAN
CAN 2: Key_CAN
1656064122.02736  2 0x2FC Rx d 8 [0, 21, 0, 0, 0, 0, 0, 0]
1656064122.232676  2 0x23A Rx d 8 [0, 0, 0, 0, 0, 0, 0, 0]
1656064127.0304  2 0x2FC Rx d 8 [0, 21, 0, 0, 0, 0, 0, 0]
1656064127.231854  2 0x23A Rx d 8 [0, 0, 0, 0, 0, 0, 0, 0]
1656064131.901074  1 0x2CA Tx d 8 [4, 0, 0, 0, 0, 0, 0, 0]
1656064132.032933  2 0x2FC Rx d 8 [0, 21, 0, 0, 0, 0, 0, 0]
1656064132.244538  2 0x23A Rx d 8 [0, 0, 0, 0, 0, 0, 0, 0]
1656064132.462708  2 0x2FC Rx d 8 [0, 4, 0, 0, 0, 0, 0, 0]
1656064132.679497  2 0x2FC Rx d 8 [0, 4, 0, 0, 0, 0, 0, 0]
1656064132.922133  2 0x2FC Rx d 8 [0, 4, 0, 0, 0, 0, 0, 0]
1656064133.127423  2 0x2AF Rx d 8 [0, 0, 0, 0, 0, 0, 0, 0]
1656064134.228026  1 0x2CA Tx d 8 [68, 0, 0, 0, 0, 0, 0, 0]
1656064134.756646  2 0x2FC Rx d 8 [0, 68, 0, 0, 0, 0, 0, 0]
1656064134.991745  2 0x2FC Rx d 8 [0, 68, 0, 0, 0, 0, 0, 0]
1656064135.210531  2 0x2FC Rx d 8 [0, 68, 0, 0, 0, 0, 0, 0]
1656064135.429638  2 0x2AF Rx d 8 [0, 0, 0, 0, 0, 0, 0, 0]
1656064135.628395  1 0x2CA Tx d 8 [84, 0, 0, 0, 0, 0, 0, 0]
1656064136.584795  2 0x2FC Rx d 8 [0, 84, 0, 0, 0, 0, 0, 0]
1656064136.80353  2 0x2FC Rx d 8 [0, 84, 0, 0, 0, 0, 0, 0]
1656064137.039083  2 0x2FC Rx d 8 [0, 84, 0, 0, 0, 0, 0, 0]
1656064137.257404  2 0x2AF Rx d 8 [0, 0, 0, 0, 0, 0, 0, 0]
1656064137.464775  2 0x2FC Rx d 8 [0, 84, 0, 0, 0, 0, 0, 0]
1656064137.676046  2 0x23A Rx d 8 [0, 0, 0, 0, 0, 0, 0, 0]
1656064141.049654  2 0x723 Tx d 8 [0, 192, 232, 3, 0, 0, 0, 0]
1656064141.165225  2 0x723 Tx d 8 [0, 192, 232, 3, 0, 0, 0, 0]
1656064141.264  2 0x723 Tx d 8 [0, 64, 232, 3, 0, 0, 0, 0]
1656064141.374549  2 0x723 Tx d 8 [0, 64, 232, 3, 0, 0, 0, 0]
1656064142.041531  2 0x2FC Rx d 8 [0, 84, 0, 0, 0, 0, 0, 0]
1656064142.252806  2 0x23A Rx d 8 [0, 0, 0, 0, 0, 0, 0, 0]
1656064147.044919  2 0x2FC Rx d 8 [0, 84, 0, 0, 0, 0, 0, 0]
1656064147.257362  2 0x23A Rx d 8 [0, 0, 0, 0, 0, 0, 0, 0]
1656064152.047624  2 0x2FC Rx d 8 [0, 84, 0, 0, 0, 0, 0, 0]
1656064152.255809  2 0x23A Rx d 8 [0, 0, 0, 0, 0, 0, 0, 0]
1656064155.357477  1 0x2CA Tx d 8 [80, 0, 0, 0, 0, 0, 0, 0]
1656064155.818817  2 0x2FC Rx d 8 [0, 80, 0, 0, 0, 0, 0, 0]
1656064156.027471  2 0x2FC Rx d 8 [0, 80, 0, 0, 0, 0, 0, 0]
1656064156.236184  2 0x2FC Rx d 8 [0, 80, 0, 0, 0, 0, 0, 0]
1656064156.446468  2 0x2AF Rx d 8 [0, 0, 0, 0, 0, 0, 0, 0]
1656064157.050232  2 0x2FC Rx d 8 [0, 80, 0, 0, 0, 0, 0, 0]
1656064157.273427  2 0x23A Rx d 8 [0, 0, 0, 0, 0, 0, 0, 0]
1656064157.837076  1 0x2CA Tx d 8 [16, 0, 0, 0, 0, 0, 0, 0]
1656064158.308438  2 0x2FC Rx d 8 [0, 16, 0, 0, 0, 0, 0, 0]
1656064158.527508  2 0x2FC Rx d 8 [0, 16, 0, 0, 0, 0, 0, 0]
1656064158.749535  2 0x2FC Rx d 8 [0, 16, 0, 0, 0, 0, 0, 0]
1656064158.977764  2 0x2AF Rx d 8 [0, 0, 0, 0, 0, 0, 0, 0]
1656064159.517239  1 0x2CA Tx d 8 [0, 0, 0, 0, 0, 0, 0, 0]
1656064159.993934  2 0x2FC Rx d 8 [0, 0, 0, 0, 0, 0, 0, 0]
1656064160.19967  2 0x2FC Rx d 8 [0, 0, 0, 0, 0, 0, 0, 0]
1656064160.4048  2 0x2FC Rx d 8 [0, 0, 0, 0, 0, 0, 0, 0]
1656064160.629865  2 0x2AF Rx d 8 [0, 0, 0, 0, 0, 0, 0, 0]
1656064162.052579  2 0x2FC Rx d 8 [0, 0, 0, 0, 0, 0, 0, 0]
1656064162.260165  2 0x23A Rx d 8 [0, 0, 0, 0, 0, 0, 0, 0]
1656064165.352109  2 0x723 Tx d 8 [0, 192, 232, 3, 0, 0, 0, 0]
1656064165.471323  2 0x723 Tx d 8 [0, 192, 232, 3, 0, 0, 0, 0]
1656064166.119218  2 0x723 Tx d 8 [0, 128, 232, 3, 0, 0, 0, 0]
1656064166.227045  2 0x723 Tx d 8 [0, 128, 232, 3, 0, 0, 0, 0]
1656064167.058401  2 0x2FC Rx d 8 [0, 0, 0, 0, 0, 0, 0, 0]
1656064167.269553  2 0x23A Rx d 8 [0, 0, 0, 0, 0, 0, 0, 0]
1656064172.060934  2 0x2FC Rx d 8 [0, 0, 0, 0, 0, 0, 0, 0]
1656064172.266508  2 0x23A Rx d 8 [0, 0, 0, 0, 0, 0, 0, 0]
1656064177.0639  2 0x2FC Rx d 8 [0, 0, 0, 0, 0, 0, 0, 0]
1656064177.265928  2 0x23A Rx d 8 [0, 0, 0, 0, 0, 0, 0, 0]
1656064182.066869  2 0x2FC Rx d 8 [0, 0, 0, 0, 0, 0, 0, 0]
1656064182.268002  2 0x23A Rx d 8 [0, 0, 0, 0, 0, 0, 0, 0]
1656064187.070102  2 0x2FC Rx d 8 [0, 0, 0, 0, 0, 0, 0, 0]
1656064187.277835  2 0x23A Rx d 8 [0, 0, 0, 0, 0, 0, 0, 0]
1656064190.301179  1 0x2CA Tx d 8 [4, 0, 0, 0, 0, 0, 0, 0]
1656064190.770922  2 0x2FC Rx d 8 [0, 4, 0, 0, 0, 0, 0, 0]
1656064190.978831  2 0x2FC Rx d 8 [0, 4, 0, 0, 0, 0, 0, 0]
1656064191.185168  2 0x2FC Rx d 8 [0, 4, 0, 0, 0, 0, 0, 0]
1656064191.389511  2 0x2AF Rx d 8 [0, 0, 0, 0, 0, 0, 0, 0]
1656064192.072765  2 0x2FC Rx d 8 [0, 4, 0, 0, 0, 0, 0, 0]
1656064192.286928  2 0x23A Rx d 8 [0, 0, 0, 0, 0, 0, 0, 0]
1656064192.596913  1 0x2CA Tx d 8 [68, 0, 0, 0, 0, 0, 0, 0]
1656064193.061888  2 0x2FC Rx d 8 [0, 68, 0, 0, 0, 0, 0, 0]
1656064193.277535  2 0x2FC Rx d 8 [0, 68, 0, 0, 0, 0, 0, 0]
1656064193.489108  2 0x2FC Rx d 8 [0, 68, 0, 0, 0, 0, 0, 0]
1656064193.70158  2 0x2AF Rx d 8 [0, 0, 0, 0, 0, 0, 0, 0]
1656064193.979334  1 0x2CA Tx d 8 [84, 0, 0, 0, 0, 0, 0, 0]
1656064194.447607  2 0x2FC Rx d 8 [0, 84, 0, 0, 0, 0, 0, 0]
1656064194.658055  2 0x2FC Rx d 8 [0, 84, 0, 0, 0, 0, 0, 0]
1656064194.870462  2 0x2FC Rx d 8 [0, 84, 0, 0, 0, 0, 0, 0]
1656064195.085833  2 0x2AF Rx d 8 [0, 0, 0, 0, 0, 0, 0, 0]
1656064197.075669  2 0x2FC Rx d 8 [0, 84, 0, 0, 0, 0, 0, 0]
1656064197.284542  2 0x23A Rx d 8 [0, 0, 0, 0, 0, 0, 0, 0]
1656064200.974929  2 0x723 Tx d 8 [0, 128, 232, 3, 0, 0, 0, 0]
1656064201.081099  2 0x723 Tx d 8 [0, 128, 232, 3, 0, 0, 0, 0]
1656064201.17754  2 0x723 Tx d 8 [0, 130, 232, 3, 0, 0, 0, 0]
1656064201.274677  2 0x723 Tx d 8 [0, 128, 232, 3, 0, 0, 0, 0]
1656064202.07852  2 0x2FC Rx d 8 [4, 84, 0, 0, 0, 0, 0, 0]
1656064202.299135  2 0x23A Rx d 8 [0, 0, 4, 0, 0, 0, 0, 0]
1656064206.82991  2 0x723 Tx d 8 [0, 64, 232, 3, 0, 0, 0, 0]
1656064206.83466  2 0x723 Tx d 8 [0, 64, 232, 3, 0, 0, 0, 0]
1656064206.980908  2 0x723 Tx d 8 [0, 64, 232, 3, 0, 0, 0, 0]
1656064206.986489  2 0x723 Tx d 8 [0, 64, 232, 3, 0, 0, 0, 0]
1656064207.081573  2 0x2FC Rx d 8 [4, 84, 0, 0, 0, 0, 0, 0]
1656064207.298995  2 0x23A Rx d 8 [0, 0, 0, 0, 0, 0, 0, 0]
1656064212.0844  2 0x2FC Rx d 8 [4, 84, 0, 0, 0, 0, 0, 0]
1656064212.290534  2 0x23A Rx d 8 [0, 0, 0, 0, 0, 0, 0, 0]
1656064213.045253  1 0x2CA Tx d 8 [84, 0, 0, 0, 0, 0, 0, 0]
1656064213.416864  2 0x2FC Rx d 8 [4, 84, 0, 0, 0, 0, 0, 0]
1656064213.622843  2 0x2FC Rx d 8 [4, 84, 0, 0, 0, 0, 0, 0]
1656064213.82819  2 0x2FC Rx d 8 [4, 84, 0, 0, 0, 0, 0, 0]
1656064214.032863  2 0x2AF Rx d 8 [0, 0, 0, 0, 0, 0, 0, 0]
1656064214.280747  1 0x2CA Tx d 8 [80, 0, 0, 0, 0, 0, 0, 0]
1656064214.745704  2 0x2FC Rx d 8 [4, 80, 0, 0, 0, 0, 0, 0]
1656064214.960374  2 0x2FC Rx d 8 [4, 80, 0, 0, 0, 0, 0, 0]
1656064215.167553  2 0x2FC Rx d 8 [4, 80, 0, 0, 0, 0, 0, 0]
1656064215.371148  2 0x2AF Rx d 8 [0, 0, 0, 0, 0, 0, 0, 0]
1656064215.921426  1 0x2CA Tx d 8 [16, 0, 0, 0, 0, 0, 0, 0]
1656064216.390071  2 0x2FC Rx d 8 [4, 16, 0, 0, 0, 0, 0, 0]
1656064216.612762  2 0x2FC Rx d 8 [4, 16, 0, 0, 0, 0, 0, 0]
1656064216.859802  2 0x2FC Rx d 8 [4, 16, 0, 0, 0, 0, 0, 0]
1656064217.080024  2 0x2AF Rx d 8 [0, 0, 0, 0, 0, 0, 0, 0]
1656064217.187179  1 0x2CA Tx d 8 [0, 0, 0, 0, 0, 0, 0, 0]
1656064217.312634  2 0x2FC Rx d 8 [4, 16, 0, 0, 0, 0, 0, 0]
1656064217.53001  2 0x23A Rx d 8 [0, 0, 0, 0, 0, 0, 0, 0]
1656064217.930898  2 0x2FC Rx d 8 [1, 0, 0, 0, 0, 0, 0, 0]
1656064218.158732  2 0x2FC Rx d 8 [1, 0, 0, 0, 0, 0, 0, 0]
1656064218.367815  2 0x2FC Rx d 8 [1, 0, 0, 0, 0, 0, 0, 0]
1656064218.579104  2 0x2AF Rx d 8 [0, 0, 0, 0, 0, 0, 0, 0]
1656064222.092531  2 0x2FC Rx d 8 [1, 0, 0, 0, 0, 0, 0, 0]
1656064222.302976  2 0x23A Rx d 8 [0, 0, 1, 0, 0, 0, 0, 0]
1656064227.099397  2 0x2FC Rx d 8 [1, 0, 0, 0, 0, 0, 0, 0]
1656064227.332708  2 0x23A Rx d 8 [0, 0, 1, 0, 0, 0, 0, 0]
